21.5381 -4.459635913372e-01
21.4864 -4.007526859641e-02
21.4348 3.284943997860e-01
21.3832 3.309755623341e-01
21.3316 5.286057591438e-01
21.28 6.079371571541e-01
21.2284 4.149464964867e-01
21.1767 -1.331406682730e-01
21.1251 -6.082757711411e-01
21.0735 -2.245933562517e-01
21.0219 8.406405150890e-02
20.9703 1.843998730183e-01
20.9187 3.573019206524e-01
20.8671 3.487377464771e-01
20.8154 -1.776410490274e-01
20.7638 -3.464992344379e-01
20.7122 -8.783512748778e-03
20.6606 1.328905373812e-01
20.609 -1.097892895341e-01
20.5574 -5.093185305595e-01
20.5058 -2.675916850567e-01
20.4541 3.215147554874e-01
20.4025 5.958008170128e-01
20.3509 2.858826816082e-01
20.2993 1.271789893508e-02
20.2477 -1.653384864330e-01
20.1961 -1.740886569023e-01
20.1444 4.217471182346e-02
20.0928 1.598401963711e-01
20.0412 -8.310382068157e-02
19.9896 -2.154700905085e-01
19.938 -1.380709856749e-01
19.8864 -3.438279926777e-01
19.8348 -4.036237597466e-01
19.7831 -6.864755153656e-01
19.7315 -4.573475420475e-01
19.6799 -2.262185961008e-01
19.6283 -1.385761946440e-01
19.5767 -1.964998543262e-01
19.5251 -4.545331299305e-01
19.4734 -6.470425724983e-01
19.4218 -3.445829451084e-01
19.3702 -2.622648477554e-01
19.3186 -3.578045666218e-01
19.267 -5.709443613887e-02
19.2154 6.127262488008e-02
19.1638 4.753103479743e-02
19.1121 1.521194130182e-01
19.0605 1.389641016722e-01
19.0089 -2.793894410133e-01
18.9573 -4.191583991051e-01
18.9057 -4.919935483485e-03
18.8541 2.413334399462e-01
18.8024 4.057564139366e-01
18.7508 4.746383726597e-01
18.6992 -2.172039747238e-01
18.6476 -2.960909605026e-01
18.596 1.380835026503e-01
18.5444 2.323969006538e-01
18.4928 -1.096286699176e-01
18.4411 3.417757153511e-02
18.3895 4.294240102172e-02
18.3379 -9.346785396338e-02
18.2863 1.756521314383e-01
18.2347 8.187316358089e-02
18.1831 -3.460927605629e-01
18.1314 -4.829059541225e-01
18.0798 8.638293296099e-02
18.0282 1.282741129398e-01
17.9766 1.933398842812e-01
17.925 4.851740300655e-01
17.8734 4.545491337776e-01
17.8218 6.538741290569e-02
17.7701 -1.863003708422e-02
17.7185 2.336189597845e-01
17.6669 -2.675488591194e-01
17.6153 -5.469741225243e-01
17.5637 -5.116301774979e-01
17.5121 -5.287252068520e-01
17.4605 -4.928482472897e-01
17.4088 -6.290364265442e-01
17.3572 -7.464748024940e-01
17.3056 -5.165212750435e-01
17.254 1.799593716860e-01
17.2024 5.064408183098e-01
17.1508 -2.315553426743e-01
17.0991 -8.280168771744e-01
17.0475 -2.359026223421e-01
16.9959 6.407095789909e-01
16.9443 5.507129430771e-01
16.8927 5.978117138147e-02
16.8411 1.610238850117e-01
16.7895 5.003455877304e-01
16.7378 4.033945202827e-01
16.6862 2.178048342466e-01
16.6346 5.858316421509e-01
16.583 5.323473811150e-01
16.5314 1.228140145540e-01
16.4798 -2.602778971195e-01
16.4281 -1.925776749849e-01
16.3765 -1.315072830766e-02
16.3249 -1.411524713039e-01
16.2733 -7.040449380875e-01
16.2217 -6.861648559570e-01
16.1701 -5.852420628071e-02
16.1185 1.260372251272e-01
16.0668 2.483638823032e-01
16.0152 1.938055008650e-01
15.9636 6.194057688117e-02
15.912 9.572441130877e-02
15.8604 3.838738203049e-01
15.8088 5.314275026321e-01
15.7571 5.926771759987e-01
15.7055 5.228612944484e-02
15.6539 -7.146776318550e-01
15.6023 -4.955061674118e-01
15.5507 -9.841226041317e-02
15.4991 2.445068396628e-02
15.4475 1.666416376829e-01
15.3958 9.834671765566e-02
15.3442 1.509894132614e-01
15.2926 5.141940116882e-01
15.241 1.105515360832e-01
15.1894 -2.140275090933e-01
15.1378 8.337322622538e-02
15.0862 3.476641774178e-01
15.0345 2.280947417021e-01
14.9829 -2.569013237953e-01
14.9313 -3.240094482899e-01
14.8797 -5.286716297269e-02
14.8281 -2.264421582222e-01
14.7765 -3.668304383755e-01
14.7248 -3.683827817440e-01
14.6732 -1.331540942192e-01
14.6216 -3.859179466963e-02
14.57 -6.693480163813e-02
14.5184 7.702367752790e-02
14.4668 -4.722576141357e-01
14.4152 -6.883983016014e-01
14.3635 1.899731159210e-01
14.3119 5.383511781693e-01
14.2603 5.444315448403e-02
14.2087 -1.310036927462e-01
14.1571 4.271099716425e-02
14.1055 1.630883663893e-01
14.0538 -3.466700017452e-01
14.0022 -1.917399764061e-01
13.9506 3.764914274216e-01
13.899 4.518682658672e-01
13.8474 3.310932517052e-01
13.7958 2.015665173531e-01
13.7442 1.027555391192e-01
13.6925 -2.063679099083e-01
13.6409 -2.991052865982e-01
13.5893 -2.089514434338e-01
13.5377 -4.960579425097e-02
13.4861 -1.743209213018e-01
13.4345 -4.451257586479e-01
13.3828 1.186859309673e-01
13.3312 7.614531517029e-01
13.2796 5.320254564285e-01
13.228 3.406554758549e-01
13.1764 1.178282350302e-01
13.1248 -3.971972167492e-01
13.0732 -3.428728878498e-01
13.0215 1.718301922083e-01
12.9699 2.530498206615e-01
12.9183 5.290641188622e-01
12.8667 1.001269102097e+00
12.8151 1.064122319221e+00
12.7635 1.239239811897e+00
12.7119 6.552180647850e-01
12.6602 -3.353296220303e-01
12.6086 -3.823734819889e-01
12.557 -1.727334409952e-02
12.5054 7.394648343325e-02
12.4538 -2.939996484201e-04
12.4022 -2.430248111486e-01
12.3505 6.897245347500e-02
12.2989 5.295090675354e-01
12.2473 2.452877759933e-01
12.1957 -3.248926401138e-01
12.1441 -3.170076906681e-01
12.0925 -1.695089489222e-01
12.0409 2.550298869610e-01
11.9892 8.130330443382e-01
11.9376 4.486842155457e-01
11.886 6.408021599054e-02
11.8344 3.869831264019e-01
11.7828 4.160830676556e-01
11.7312 -2.767221629620e-01
11.6795 -6.005167365074e-01
11.6279 4.315004497766e-02
11.5763 3.095295727253e-01
11.5247 -3.600646555424e-01
11.4731 -5.410488843918e-01
11.4215 -7.675798237324e-02
11.3699 2.015229761600e-01
11.3182 4.587383568287e-02
11.2666 -2.411494404078e-01
11.215 -1.577674150467e-01
11.1634 6.295154243708e-02
11.1118 1.030641198158e-01
11.0602 8.443795144558e-02
11.0085 1.040270179510e-01
10.9569 -4.091731309891e-01
10.9053 -1.347205042839e-01
10.8537 4.267791807652e-01
10.8021 5.816840529442e-01
10.7505 6.474331021309e-01
10.6989 1.638045758009e-01
10.6472 -2.876488566399e-01
10.5956 4.631454870105e-02
10.544 3.202944397926e-01
10.4924 -4.308603238314e-03
10.4408 -2.462260052562e-02
10.3892 1.295573115349e-01
10.3376 2.710785865784e-01
10.2859 3.899879753590e-01
10.2343 3.739398717880e-01
10.1827 -3.541133105755e-01
10.1311 -8.701990842819e-01
10.0795 -7.976226210594e-01
10.0279 -1.133089661598e+00
9.97624 -1.002529978752e+00
9.92463 -4.149327874184e-01
9.87301 -4.003002494574e-02
9.8214 1.811375319958e-01
9.76978 2.332157343626e-01
9.71817 -2.338268905878e-01
9.66655 -5.023903250694e-01
9.61494 -1.419950723648e-01
9.56332 1.662096977234e-01
9.51171 3.504569828510e-01
9.46009 5.607171058655e-01
9.40848 4.354944825172e-01
9.35686 -1.511246562004e-01
9.30525 -4.174041152000e-01
9.25363 -3.964283764362e-01
9.20202 -4.689766168594e-01
9.1504 -5.217810869217e-01
9.09879 -2.179650589824e-02
9.04717 3.310064375401e-01
8.99556 3.596166521311e-02
8.94394 -2.505296170712e-01
8.89233 2.136652469635e-01
8.84071 5.406469702721e-01
8.78909 5.150336399674e-02
8.73748 -4.434888958931e-01
8.68586 -7.624424695969e-01
8.63425 -7.552356123924e-01
8.58263 -8.648052066565e-02
8.53102 2.738105356693e-01
8.4794 -8.255747705698e-02
8.42779 -1.791705042124e-01
8.37617 6.577905267477e-02
8.32456 -4.981529340148e-02
8.27294 -6.835188716650e-02
8.22133 3.270337581635e-01
8.16971 4.358338713646e-01
8.1181 -2.369867451489e-02
8.06648 3.340889886022e-02
8.01487 3.739236593246e-01
7.96325 1.694887727499e-01
7.91164 3.543035686016e-01
7.86002 2.731355130672e-01
7.80841 -6.769258975983e-01
7.75679 -8.351274728775e-01
7.70517 -1.998074650764e-01
7.65356 7.987874746323e-02
7.60194 2.669170796871e-01
7.55033 3.506371378899e-01
7.49871 3.679133355618e-01
7.4471 4.624421894550e-01
7.39548 2.543203905225e-02
7.34387 -4.065473973751e-01
7.29225 -3.890730738640e-01
7.24064 -5.899781733751e-02
7.18902 3.265658318996e-01
7.13741 6.576405763626e-01
7.08579 3.718465268612e-01
7.03418 3.951126337051e-01
6.98256 3.709247112274e-01
6.93095 -1.677918136120e-01
6.87933 7.398153841496e-02
6.82772 6.210808157921e-01
6.7761 5.700053572655e-01
6.72449 1.469542384148e-01
6.67287 -1.153839975595e-01
6.62126 -3.079345524311e-01
6.56964 -1.596098989248e-01
6.51802 2.915892601013e-01
6.46641 5.568752288818e-01
6.41479 1.154301762581e-01
6.36318 1.537119299173e-01
6.31156 4.343655705452e-01
6.25995 4.720689356327e-01
6.20833 5.966130495071e-01
6.15672 3.505459129810e-01
6.1051 -1.963155567646e-01
6.05349 -5.304304510355e-02
6.00187 5.424527078867e-02
5.95026 -1.234441325068e-01
5.89864 -7.635285705328e-02
5.84703 3.695834055543e-02
5.79541 3.807140886784e-01
5.7438 3.105773031712e-01
5.69218 8.438957482576e-02
5.64057 1.687270253897e-01
5.58895 3.264126181602e-01
5.53734 4.668949842453e-01
5.48572 5.357394814491e-01
5.43411 -8.099791407585e-02
5.38249 -5.702558755875e-01
5.33087 -9.404712319374e-01
5.27926 -7.130725383759e-01
5.22764 -1.873738504946e-02
5.17603 9.309716522694e-02
5.12441 -1.045240648091e-02
5.0728 -2.977860346437e-02
5.02118 1.007814183831e-01
4.96957 -9.341982007027e-02
4.91795 -5.264387130737e-01
4.86634 -4.914996325970e-01
4.81472 -1.231171414256e-01
4.76311 2.759501039982e-01
4.71149 4.578754603863e-01
4.65988 9.316125512123e-02
4.60826 -6.735347509384e-01
4.55665 -1.133841276169e+00
4.50503 -5.476197004318e-01
4.45342 3.339490592480e-01
4.4018 1.858182400465e-01
4.35019 1.923831441673e-04
4.29857 1.210592910647e-01
4.24695 -1.165391057730e-01
4.19534 -8.068752475083e-03
4.14372 3.048318028450e-01
4.09211 1.771977543831e-01
4.04049 -1.231000721455e-01
3.98888 -2.261368483305e-01
3.93726 1.523708254099e-01
3.88565 2.394266575575e-01
3.83403 -2.472960650921e-01
3.78242 -2.810270786285e-01
3.7308 -9.703826159239e-02
3.67919 1.781642995775e-02
3.62757 1.121483892202e-01
3.57596 1.030288115144e-01
3.52434 -2.863791286945e-01
3.47273 -2.980934083462e-01
3.42111 -2.452374994755e-01
3.3695 -1.449417471886e-01
3.31788 1.183140799403e-01
3.26627 2.886395715177e-02
3.21465 2.463750094175e-01
3.16304 4.524014890194e-01
3.11142 1.653389781713e-01
3.0598 -1.420815885067e-01
3.00819 -4.056168496609e-01
2.95657 -5.954907536507e-01
2.90496 -4.566539824009e-01
2.85334 4.487349465489e-02
2.80173 -1.602800935507e-01
2.75011 -4.255484640598e-01
2.6985 -5.105663537979e-01
2.64688 -1.090430855751e+00
2.59527 -1.350934624672e+00
2.54365 -8.073297142982e-01
2.49204 -4.802086651325e-01
2.44042 -4.007826447487e-01
2.38881 -5.934068560600e-01
2.33719 -6.816970705986e-01
2.28558 -4.022734463215e-01
2.23396 -2.071053385735e-01
2.18235 -4.797879606485e-02
2.13073 -2.032928913832e-02
2.07912 -1.440963298082e-01
2.0275 -2.117148190737e-01
1.97589 1.130337268114e-01
1.92427 4.205842912197e-01
1.87265 2.855689823627e-01
1.82104 2.512283623219e-01
1.76942 2.147180289030e-01
1.71781 1.576003134251e-01
1.66619 4.677821397781e-01
1.61458 7.465990185738e-01
1.56296 4.921733140945e-01
1.51135 4.757579267025e-01
1.45973 6.859971880913e-01
1.40812 1.188397884369e+00
1.3565 1.574585318565e+00
1.30489 1.629586219788e+00
1.25327 1.112235307693e+00
1.20166 5.452148318291e-01
1.15004 4.116461873055e-01
1.09843 5.342596173286e-01
1.04681 3.856427073479e-01
0.995196 8.614280074835e-02
0.94358 -7.484223693609e-02
0.891965 4.915548563004e-01
0.84035 1.229351520538e+00
0.788735 1.857413768768e+00
0.737119 2.700947761536e+00
0.685504 4.126731395721e+00
0.633889 6.367467880249e+00
0.582274 8.436325073242e+00
0.530659 9.728183746338e+00
0.479044 1.155918502808e+01
0.427428 1.358420848846e+01
0.375813 1.531005764008e+01
0.324198 1.619315338135e+01
0.272583 1.592630481720e+01
0.220968 1.555770397186e+01
0.169352 1.572828578949e+01
0.117737 1.599849700928e+01
0.0661218 1.615304756165e+01
0.0145066 1.588486289978e+01
-0.0371087 1.506308937073e+01
-0.0887239 1.488308143616e+01
-0.140339 1.476809787750e+01
-0.191954 1.533931636810e+01
-0.24357 1.565963363647e+01
-0.295185 1.558833312988e+01
-0.3468 1.567476081848e+01
-0.398415 1.566175460815e+01
-0.450031 1.632552528381e+01
-0.501646 1.747682189941e+01
-0.553261 1.827520370483e+01
-0.604876 1.877846336365e+01
-0.656492 1.932647895813e+01
-0.708107 1.914766693115e+01
-0.759722 1.818471527100e+01
-0.811337 1.713584899902e+01
-0.862952 1.559710121155e+01
-0.914568 1.304709625244e+01
-0.966182 9.422840118408e+00
-1.0178 5.990068912506e+00
-1.06941 3.827030658722e+00
-1.12103 2.411593198776e+00
-1.17264 1.245399355888e+00
-1.22426 6.810184717178e-01
-1.27587 3.807477653027e-01
-1.32749 2.067797183990e-01
-1.3791 -7.368249446154e-02
-1.43072 -7.607702910900e-02
-1.48233 2.002250254154e-01
-1.53395 2.545982301235e-01
-1.58557 4.117107391357e-01
-1.63718 3.589046373963e-02
-1.6888 2.565674670041e-02
-1.74041 3.002952635288e-01
-1.79203 3.676283359528e-01
-1.84364 3.919594883919e-01
-1.89526 9.571083784103e-01
-1.94687 1.155908346176e+00
-1.99849 6.367381215096e-01
-2.0501 4.965971410275e-01
-2.10172 5.802057981491e-01
-2.15333 6.257124543190e-01
-2.20495 1.073804736137e+00
-2.25656 1.428213477135e+00
-2.30818 1.222999572754e+00
-2.35979 4.992122352123e-01
-2.41141 4.370026886463e-01
-2.46302 8.175002336502e-01
-2.51464 7.811978459358e-01
-2.56625 6.021192073822e-01
-2.61787 1.862365305424e-01
-2.66948 -2.680105865002e-01
-2.7211 -1.534957811236e-02
-2.77272 2.235546708107e-01
-2.82433 -8.717085421085e-02
-2.87595 -6.134797334671e-01
-2.92756 -7.244735360146e-01
-2.97918 -6.339156031609e-01
-3.03079 -1.176413446665e-01
-3.08241 4.116185307503e-01
-3.13402 3.137873709202e-01
-3.18564 -2.953973831609e-03
-3.23725 -9.259140491486e-02
-3.28887 -8.958931267262e-02
-3.34048 -4.576079547405e-03
-3.3921 -2.151504904032e-01
-3.44371 -3.727120757103e-01
-3.49533 -7.270647287369e-01
-3.54694 -9.828627705574e-01
-3.59856 -7.222295403481e-01
-3.65017 -5.161976218224e-01
-3.70179 -4.433886110783e-01
-3.75341 -8.330262899399e-01
-3.80502 -1.141289472580e+00
-3.85664 -4.795570671558e-01
-3.90825 2.279791384935e-01
-3.95987 5.315313935280e-01
-4.01148 1.249277964234e-01
-4.0631 -4.348870813847e-01
-4.11471 -7.299475371838e-02
-4.16633 5.122684240341e-01
-4.21794 7.252007722855e-01
-4.26956 6.108728647232e-01
-4.32117 7.252097874880e-02
-4.37279 1.170000955462e-01
-4.4244 4.793277382851e-01
-4.47602 2.258830666542e-01
-4.52763 1.157497167587e-01
-4.57925 3.028512001038e-01
-4.63086 3.021967113018e-01
-4.68248 6.291328668594e-01
-4.73409 6.229947805405e-01
-4.78571 6.936763226986e-02
-4.83732 1.272774785757e-01
-4.88894 9.351819753647e-01
-4.94056 8.705533742905e-01
-4.99217 1.099170967937e-01
-5.04379 -3.422280251980e-01
-5.0954 -6.479060649872e-01
-5.14702 -6.196984648705e-01
-5.19863 -1.224026456475e-01
-5.25025 3.255277574062e-01
-5.30186 6.579647213221e-02
-5.35348 1.040867865086e-01
-5.40509 3.375454843044e-01
-5.45671 1.916706264019e-01
-5.50832 -2.085314095020e-01
-5.55994 -3.083179593086e-01
-5.61155 -1.810832321644e-01
-5.66317 -3.683880865574e-01
-5.71478 -5.932518839836e-01
-5.7664 -6.464406251907e-01
-5.81801 -8.452462404966e-02
-5.86963 2.315030246973e-01
-5.92124 4.995199292898e-02
-5.97286 -1.668227165937e-01
-6.02447 -1.799042969942e-01
-6.07609 -7.650882750750e-02
-6.12771 -9.684661403298e-03
-6.17932 1.781405955553e-01
-6.23094 -3.212388232350e-02
-6.28255 4.200522601604e-02
-6.33417 6.886124014854e-01
-6.38578 6.625207066536e-01
-6.4374 -3.555068373680e-02
-6.48901 -1.236786767840e-01
-6.54063 -1.076308116317e-01
-6.59224 -6.347479224205e-01
-6.64386 -5.615170598030e-01
-6.69547 2.247233837843e-01
-6.74709 5.645485520363e-01
-6.7987 3.419043030590e-03
-6.85032 -4.123860299587e-01
-6.90193 -4.593238532543e-01
-6.95355 -3.605589568615e-01
-7.00516 -2.124778479338e-01
-7.05678 3.571636080742e-01
-7.10839 6.513932347298e-01
-7.16001 8.835866451263e-01
-7.21162 1.073716878891e+00
-7.26324 2.559497356415e-01
-7.31486 -4.063740074635e-01
-7.36647 -1.642446964979e-03
-7.41809 5.752272605896e-01
-7.4697 6.524629592896e-01
-7.52132 -1.237720996141e-01
-7.57293 -4.203460216522e-01
-7.62455 -1.594082415104e-01
-7.67616 -1.093111783266e-01
-7.72778 -7.652380317450e-02
-7.77939 1.693198531866e-01
-7.83101 7.134869694710e-02
-7.88262 -2.744307518005e-01
-7.93424 -4.915393590927e-01
-7.98585 -3.507096469402e-01
-8.03747 -3.521555066109e-01
-8.08908 1.182471215725e-01
-8.1407 2.811985313892e-01
-8.19231 -2.797901257873e-02
-8.24393 -4.227235615253e-01
-8.29554 1.473729964346e-02
-8.34716 8.742296695709e-01
-8.39877 5.261333584785e-01
-8.45039 -1.679684817791e-01
-8.50201 -1.708539668471e-03
-8.55362 3.622163236141e-01
-8.60524 4.569805860519e-01
-8.65685 2.043124139309e-01
-8.70847 -3.540897974744e-03
-8.76008 1.372366845608e-01
-8.8117 1.097157821059e-01
-8.86331 -2.269664257765e-01
-8.91493 -4.007197618484e-01
-8.96654 -2.573652863503e-01
-9.01816 -4.668820202351e-01
-9.06977 -4.002859294415e-01
-9.12139 -2.125805765390e-01
-9.173 -1.688845828176e-02
-9.22462 5.003986954689e-01
-9.27623 5.761542320251e-01
-9.32785 8.645039051771e-02
-9.37946 7.209606468678e-02
-9.43108 8.893429040909e-01
-9.48269 1.353897094727e+00
-9.53431 4.206281900406e-01
-9.58593 -2.122717350721e-01
-9.63754 4.033558815718e-02
-9.68916 2.947866618633e-01
-9.74077 4.001177102327e-02
-9.79239 -9.129515965469e-04
-9.844 9.218443185091e-02
-9.89562 3.074063062668e-01
-9.94723 1.405691802502e-01
-9.99885 -9.376353025436e-02
-10.0505 -2.500638924539e-02
-10.1021 -2.224716097116e-01
-10.1537 -3.357557952404e-01
-10.2053 -2.639207541943e-01
-10.2569 -3.888137936592e-01
-10.3085 -1.180931106210e-01
-10.3602 2.936510741711e-01
-10.4118 1.038755103946e-01
-10.4634 -3.401077389717e-01
-10.515 -2.983671985567e-02
-10.5666 6.581979393959e-01
-10.6182 4.633132815361e-01
-10.6698 2.423630356789e-01
-10.7215 5.565792322159e-02
-10.7731 -1.900906711817e-01
-10.8247 -4.684717208147e-02
-10.8763 2.705036699772e-01
-10.9279 1.677827835083e-01
-10.9795 1.264253705740e-01
-11.0312 2.227322906256e-01
-11.0828 1.385977566242e-01
-11.1344 2.615694701672e-01
-11.186 6.210147142410e-01
-11.2376 8.386811614037e-01
-11.2892 8.419278264046e-01
-11.3408 2.385977357626e-01
-11.3925 -8.059867471457e-02
-11.4441 5.911728367209e-02
-11.4957 5.176165699959e-01
-11.5473 7.295528054237e-01
-11.5989 5.816503763199e-01
-11.6505 3.866884112358e-01
-11.7022 2.253973633051e-01
-11.7538 4.015303403139e-02
-11.8054 -4.089839011431e-02
-11.857 3.525066375732e-02
-11.9086 1.370483636856e-01
-11.9602 1.385280117393e-02
-12.0118 -2.087916135788e-01
-12.0635 -4.595881104469e-01
-12.1151 -7.172045707703e-01
-12.1667 -3.896323144436e-01
-12.2183 -8.540650829673e-03
-12.2699 -2.614999711514e-01
-12.3215 -6.271690726280e-01
-12.3731 -4.106574654579e-01
-12.4248 -9.804470092058e-02
-12.4764 1.781717687845e-01
-12.528 -2.059153169394e-01
-12.5796 -2.102473527193e-01
-12.6312 4.422565698624e-01
-12.6828 6.218070983887e-01
-12.7345 5.130959153175e-01
-12.7861 1.301862150431e-01
-12.8377 -5.258719325066e-01
-12.8893 -4.760766029358e-01
-12.9409 3.517321348190e-01
-12.9925 4.395658373833e-01
-13.0441 1.914439350367e-01
-13.0958 6.086308956146e-01
-13.1474 5.884037017822e-01
-13.199 -3.477193117142e-01
-13.2506 -7.704221010208e-01
-13.3022 -2.996113598347e-01
-13.3538 -2.605634331703e-01
-13.4055 -3.569461703300e-01
-13.4571 3.666611388326e-02
-13.5087 3.371244994923e-03
-13.5603 -1.175148710608e-01
-13.6119 3.903409540653e-01
-13.6635 4.926474988461e-01
-13.7151 -3.783462569118e-02
-13.7668 -4.953767657280e-01
-13.8184 -8.547292947769e-01
-13.87 -7.498457431793e-01
-13.9216 1.609958708286e-01
-13.9732 3.922422230244e-01
-14.0248 8.739328384399e-02
-14.0765 1.472518891096e-01
-14.1281 1.543166041374e-01
-14.1797 1.323372721672e-01
-14.2313 -5.207639932632e-02
-14.2829 -1.146164238453e-01
-14.3345 -3.187495470047e-01
-14.3861 -2.596987485886e-01
-14.4378 -1.158006712794e-01
-14.4894 -3.008696064353e-02
-14.541 1.102869063616e-01
-14.5926 2.647115290165e-01
-14.6442 6.350730657578e-01
-14.6958 7.839800715446e-01
-14.7474 4.870017170906e-01
-14.7991 2.836152613163e-01
-14.8507 3.337715268135e-01
-14.9023 -6.196368113160e-02
-14.9539 6.620275974274e-02
-15.0055 3.836830854416e-01
-15.0571 -9.210022538900e-02
-15.1088 1.412988826632e-02
-15.1604 2.912841141224e-01
-15.212 5.956089869142e-02
-15.2636 9.830956906080e-02
-15.3152 3.637549579144e-01
-15.3668 4.312564730644e-01
-15.4184 -9.471499919891e-02
-15.4701 -3.259780704975e-01
-15.5217 1.402118802071e-01
-15.5733 3.142260611057e-01
-15.6249 -2.988831698895e-01
-15.6765 -7.271562218666e-01
-15.7281 -4.470422565937e-01
-15.7798 6.356309354305e-02
-15.8314 2.731282711029e-01
-15.883 -2.482314258814e-01
-15.9346 -2.888341546059e-01
-15.9862 1.162047907710e-01
-16.0378 3.628697246313e-02
-16.0894 1.755006313324e-01
-16.1411 -4.342419654131e-02
-16.1927 -7.102089524269e-01
-16.2443 -7.747355699539e-01
-16.2959 -1.448097079992e-01
-16.3475 -1.337099671364e-01
-16.3991 -5.486839413643e-01
-16.4508 -8.067694306374e-01
-16.5024 -1.903762370348e-01
-16.554 3.894371986389e-01
-16.6056 2.375136315823e-01
-16.6572 3.023177981377e-01
-16.7088 5.098387598991e-02
-16.7604 -4.696163237095e-01
-16.8121 -7.194117307663e-01
-16.8637 -2.428164184093e-01
-16.9153 3.938661813736e-01
-16.9669 2.112364172935e-01
-17.0185 -7.039412111044e-02
-17.0701 3.798284232616e-01
-17.1217 3.965428173542e-01
-17.1734 -2.815195620060e-01
-17.225 -4.579260349274e-01
-17.2766 -3.923291265965e-01
-17.3282 -4.501351416111e-01
-17.3798 -3.768943250179e-01
-17.4314 -2.641161978245e-01
-17.4831 -3.264933824539e-01
-17.5347 2.472198568285e-02
-17.5863 3.106926083565e-01
-17.6379 5.687204003334e-01
-17.6895 4.462647736073e-01
-17.7411 -1.643169820309e-01
-17.7927 -3.634150028229e-01
-17.8444 2.033952027559e-01
-17.896 5.798483490944e-01
-17.9476 6.775390356779e-02
-17.9992 -2.389811873436e-01
-18.0508 -2.205900698900e-01
-18.1024 -8.026146143675e-02
-18.1541 1.366885006428e-01
-18.2057 3.843379318714e-01
-18.2573 2.229592800140e-01
-18.3089 -2.004250325263e-02
-18.3605 -2.384868683293e-03
-18.4121 4.356248378754e-01
-18.4637 4.962416291237e-01
-18.5154 3.803773224354e-01
-18.567 1.785944253206e-01
-18.6186 -1.146831586957e-01
-18.6702 2.172470241785e-01
-18.7218 4.546268582344e-01
-18.7734 1.000288501382e-01
-18.8251 8.671079576015e-02
-18.8767 2.914533317089e-01
-18.9283 6.467029452324e-01
-18.9799 5.547503829002e-01
-19.0315 5.564875006676e-01
-19.0831 1.684568263590e-02
-19.1347 -4.250619113445e-01
-19.1864 -1.050049662590e-01
-19.238 -1.197541207075e-01
-19.2896 -4.378029108047e-01
-19.3412 -2.831364274025e-01
-19.3928 -3.652406334877e-01
-19.4444 -4.056660234928e-01
-19.496 -1.496614515781e-01
-19.5477 5.030427873135e-02
-19.5993 -2.714787125587e-01
-19.6509 -6.613612771034e-01
-19.7025 -4.591221809387e-01
-19.7541 -1.055849641562e-01
-19.8057 -1.131626442075e-01
-19.8574 -1.344104558229e-01
-19.909 -9.759656339884e-02
-19.9606 -1.063856631517e-01
-20.0122 3.307531401515e-02
-20.0638 2.122823745012e-01
-20.1154 2.438990622759e-01
-20.167 4.481239318848e-01
-20.2187 1.784090697765e-01
-20.2703 2.697540679947e-03
-20.3219 1.578511893749e-01
-20.3735 8.035466820002e-02
-20.4251 -4.779931530356e-02
-20.4767 -5.508618056774e-02
-20.5284 -1.210746318102e-01
-20.58 -5.512673258781e-01
-20.6316 -9.912130236626e-01
-20.6832 -7.459256649017e-01
-20.7348 -4.739124476910e-01
-20.7864 -4.737161993980e-01
-20.838 -4.328951835632e-01
-20.8897 -2.566425800323e-01
-20.9413 -1.811881214380e-01
-20.9929 -2.416654257104e-03
-21.0445 4.166640341282e-01
-21.0961 3.023992478848e-01
-21.1477 -2.270260751247e-01
-21.1994 -7.302739024162e-01
-21.251 -7.348078489304e-01
-21.3026 -5.066739320755e-01
-21.3542 -1.104278713465e-01
-21.4058 1.084428355098e-01
-21.4574 1.908904016018e-01
-21.509 4.738359451294e-01
-21.5607 9.592832922935e-01
-21.6123 1.239197492599e+00
-21.6639 9.275406599045e-01
-21.7155 1.044616252184e-01
-21.7671 -3.985281884670e-01
-21.8187 -2.214372456074e-01
-21.8703 2.382973879576e-01
-21.922 2.575120925903e-01
-21.9736 1.044778525829e-01
-22.0252 8.206890523434e-02
-22.0768 -1.372509896755e-01
-22.1284 -2.310132533312e-01
-22.18 -5.638502836227e-01
-22.2317 -7.156269550323e-01
-22.2833 -7.840212583542e-01
-22.3349 -4.426775574684e-01
-22.3865 2.382616996765e-01
-22.4381 3.725463449955e-01
-22.4897 1.895206868649e-01
-22.5413 -1.506501883268e-01
-22.593 3.306395560503e-02
-22.6446 6.194133758545e-01
-22.6962 1.627856865525e-02
-22.7478 -6.078124046326e-01
-22.7994 -2.582734525204e-01
-22.851 -3.408030569553e-01
-22.9027 -3.161720931530e-01
-22.9543 -1.381826102734e-01
-23.0059 5.551073327661e-02
-23.0575 2.552270889282e-01
-23.1091 6.603042781353e-02
-23.1607 1.320259422064e-01
-23.2123 2.631405293941e-01
-23.264 4.926619529724e-01
-23.3156 -5.627029016614e-02
-23.3672 -7.423549294472e-01
-23.4188 -3.619056344032e-01
-23.4704 1.247519105673e-01
-23.522 3.366560675204e-03
-23.5737 -9.147728234529e-02
-23.6253 -3.266961872578e-01
-23.6769 -3.662286996841e-01
-23.7285 -8.961934596300e-02
-23.7801 3.945972025394e-01
-23.8317 7.182289361954e-01
-23.8833 5.692255496979e-01
-23.935 1.975332349539e-01
-23.9866 -3.126627067104e-03
-24.0382 2.320290654898e-01
-24.0898 -1.568887382746e-01
-24.1414 -4.888345897198e-01
-24.193 -3.058319985867e-01
-24.2446 -1.915137171745e-01
-24.2963 -4.367987513542e-01
-24.3479 -6.658018231392e-01
-24.3995 -7.073754072189e-01
-24.4511 1.316941231489e-01
-24.5027 3.944854736328e-01
-24.5543 -3.290366828442e-01
-24.606 -4.764702916145e-01
-24.6576 -6.716374773532e-03
-24.7092 3.171665966511e-01
-24.7608 3.253933787346e-01
-24.8124 -7.383834104985e-03
-24.864 -1.146070957184e-01
-24.9156 3.975720405579e-01
-24.9673 4.844518005848e-01
-25.0189 4.071450531483e-01
-25.0705 9.346745908260e-02
-25.1221 -5.179781913757e-01
-25.1737 -5.481151342392e-01
-25.2253 -4.588804543018e-01
-25.277 -2.026881277561e-01
-25.3286 1.197843700647e-01
-25.3802 2.939637005329e-01
-25.4318 4.101195633411e-01
-25.4834 3.671396374702e-01
-25.535 -8.254053443670e-02
-25.5866 3.570866584778e-02
-25.6383 5.651866793633e-01
-25.6899 5.936207771301e-01
-25.7415 3.688815236092e-01
-25.7931 4.645795226097e-01
-25.8447 -9.820636361837e-02
-25.8963 -7.167201638222e-01
-25.948 -5.384960174561e-01
-25.9996 -1.326674520969e-01
-26.0512 9.337665140629e-02
-26.1028 3.673604428768e-01
-26.1544 2.091699987650e-01
-26.206 -9.657456725836e-02
-26.2576 -8.398815989494e-03
-26.3093 1.472836285830e-01
-26.3609 1.230435371399e-01
-26.4125 3.444184958935e-01
-26.4641 2.674764096737e-01
-26.5157 -7.775802910328e-02
-26.5673 9.855970740318e-02
-26.6189 6.024323105812e-01
-26.6706 4.968900978565e-01
-26.7222 1.137142162770e-02
-26.7738 3.531225025654e-01
-26.8254 7.341247797012e-01
-26.877 4.959484636784e-01
-26.9286 4.049360752106e-01
-26.9803 3.277244865894e-01
-27.0319 3.495953977108e-02
-27.0835 -3.490243852139e-01
-27.1351 -7.013124823570e-01
-27.1867 -4.774641096592e-01
-27.2383 1.456508180127e-03
-27.2899 2.743755578995e-01
-27.3416 1.270734071732e-01
-27.3932 -1.626987010241e-01
-27.4448 -4.195508658886e-01
-27.4964 -3.974234759808e-01
-27.548 -1.889148503542e-01
-27.5996 -3.013902902603e-01
-27.6513 -4.242849946022e-01
-27.7029 -3.509230613708e-01
-27.7545 -4.692477285862e-01
-27.8061 -3.609193265438e-01
-27.8577 -8.906527608633e-02
-27.9093 -2.303473055363e-01
-27.9609 -2.837956845760e-01
-28.0126 1.123761087656e-01
-28.0642 2.714846283197e-02
-28.1158 5.082051083446e-02
-28.1674 4.120255410671e-01
-28.219 3.743923008442e-01
-28.2706 2.179739326239e-01
-28.3223 -3.443952500820e-01
-28.3739 -9.251605272293e-01
-28.4255 -5.926374793053e-01
-28.4771 1.216022223234e-01
-28.5287 -8.453579992056e-02
-28.5803 -6.636694073677e-01
-28.6319 -5.105350613594e-01
-28.6836 -3.949574828148e-01
-28.7352 -4.695175886154e-01
-28.7868 4.931584745646e-02
-28.8384 3.685305416584e-01
-28.89 7.467244863510e-01
-28.9416 1.193488717079e+00
-28.9932 7.468783259392e-01
-29.0449 1.160838082433e-01
-29.0965 -1.020071133971e-01
-29.1481 -1.475438773632e-01
-29.1997 -2.063948363066e-01
-29.2513 -3.496384322643e-01
-29.3029 -5.672477483749e-01
-29.3546 -5.189452767372e-01
-29.4062 -3.094473481178e-01
-29.4578 -2.287177294493e-01
-29.5094 -1.584870368242e-01
-29.561 4.824824929237e-01
-29.6126 7.593581080437e-01
-29.6642 -2.133340388536e-02
-29.7159 -4.337964355946e-01
-29.7675 9.297896921635e-02
-29.8191 2.224604487419e-01
-29.8707 -4.340774565935e-02
-29.9223 -2.900124192238e-01
-29.9739 -2.042885720730e-01
-30.0256 4.753694534302e-01
-30.0772 8.759511709213e-01
