 -2.47500000   4.6838290e-02
 -2.42500000   4.6838290e-02
 -2.37500000   4.6838290e-02
 -2.32500000   4.6838290e-02
 -2.27500000   4.6838290e-02
 -2.22500000   4.6838290e-02
 -2.17500000   4.6838290e-02
 -2.12500000   4.6838290e-02
 -2.07500000   4.6838290e-02
 -2.02500000   4.6838290e-02
 -1.97500000   4.6838290e-02
 -1.92500000   4.6838290e-02
 -1.87500000   4.6838291e-02
 -1.82500000   4.6838302e-02
 -1.77500000   4.6838370e-02
 -1.72500000   4.6838817e-02
 -1.67500000   4.6841490e-02
 -1.62500000   4.6855849e-02
 -1.57500000   4.6925566e-02
 -1.52500000   4.7230946e-02
 -1.47500000   4.8437749e-02
 -1.42500000   5.2738429e-02
 -1.37500000   6.6552537e-02
 -1.32500000   1.0651209e-01
 -1.27500000   2.1045087e-01
 -1.22500000   4.5291599e-01
 -1.17500000   9.5798557e-01
 -1.12500000   1.8915765e+00
 -1.07500000   3.4116725e+00
 -1.02500000   5.5787138e+00
 -0.97500000   8.2770506e+00
 -0.92500000   1.1213942e+01
 -0.87500000   1.4008430e+01
 -0.82500000   1.6314276e+01
 -0.77500000   1.7908042e+01
 -0.72500000   1.8717284e+01
 -0.67500000   1.8806595e+01
 -0.62500000   1.8342949e+01
 -0.57500000   1.7547220e+01
 -0.52500000   1.6637422e+01
 -0.47500000   1.5780337e+01
 -0.42500000   1.5069654e+01
 -0.37500000   1.4534172e+01
 -0.32500000   1.4163780e+01
 -0.27500000   1.3935350e+01
 -0.22500000   1.3828608e+01
 -0.17500000   1.3832806e+01
 -0.12500000   1.3948699e+01
 -0.07500000   1.4188596e+01
 -0.02500000   1.4574299e+01
  0.02500000   1.5129901e+01
  0.07500000   1.5865600e+01
  0.12500000   1.6752286e+01
  0.17500000   1.7695470e+01
  0.22500000   1.8525145e+01
  0.27500000   1.9015338e+01
  0.32500000   1.8932118e+01
  0.37500000   1.8094950e+01
  0.42500000   1.6435013e+01
  0.47500000   1.4038210e+01
  0.52500000   1.1156405e+01
  0.57500000   8.1639484e+00
  0.62500000   5.4529072e+00
  0.67500000   3.3060980e+00
  0.72500000   1.8191106e+00
  0.77500000   9.1557534e-01
  0.82500000   4.3122605e-01
  0.87500000   2.0062307e-01
  0.92500000   1.0253756e-01
  0.97500000   6.5111971e-02
  1.02500000   5.2269382e-02
  1.07500000   4.8300370e-02
  1.12500000   4.7194722e-02
  1.17500000   4.6916957e-02
  1.22500000   4.6854006e-02
  1.27500000   4.6841134e-02
  1.32500000   4.6838754e-02
  1.37500000   4.6838362e-02
  1.42500000   4.6838301e-02
  1.47500000   4.6838291e-02
  1.52500000   4.6838290e-02
  1.57500000   4.6838290e-02
  1.62500000   4.6838290e-02
  1.67500000   4.6838290e-02
  1.72500000   4.6838290e-02
  1.77500000   4.6838290e-02
  1.82500000   4.6838290e-02
  1.87500000   4.6838290e-02
  1.92500000   4.6838290e-02
  1.97500000   4.6838290e-02
  2.02500000   4.6838290e-02
  2.07500000   4.6838290e-02
  2.12500000   4.6838290e-02
  2.17500000   4.6838290e-02
  2.22500000   4.6838290e-02
  2.27500000   4.6838290e-02
  2.32500000   4.6838290e-02
  2.37500000   4.6838290e-02
  2.42500000   4.6838290e-02
  2.47500000   4.6838290e-02
